100002645092378
100003198076567
100006885314560
100007687264012
100007960869453
100008166527162
100009490048147
100010361020032
100014771220949
100018093784635
100019625065321
100022125530138
100027263372329
100028406619873
100030107925854
100030149911497
100031539797650
100032002942640
100033238987374
100037474072215
100040178584583
100040729088436
100040760169578
100041106742499
100041960341842
100042338176860
100042594248081
100043819547498
100046260756529
100047004799549
100048662596498
100048969456035
100050699646120
100050719668640
100051170205871
100051420308649
100051439383688
100051637628489
100051704058956
100051973727608
100052040182202
100052123830718
100052275275169
100052976326834
100053245824354
100053322770920
100053325300849
100053466435448
100053570508011
100053856431123
100053864353160
100053900136233
100054208416811
100054357637804
100054380333307
100054445175906
100054631561703
100054640373199
100054649075537
100054690411748
100054708244257
100054711277122
100054801316080
100054852288698
100054938421418
100054944090869
100055008324207
100055039473957
100055099386519
100055155401215
100055164614682
100055200498646
100055221740557
100055233739874
100055253502674
100055268693907
100055269295856
100055280154257
100055283534960
100055321691002
100055328577109
100055332775912
100055337976987
100055369173929
100055379768176
100055391327037
100055406330056
100055414113647
100055415561609
100055415721296
100055444440385
100055444514060
100055488707987
100055496086528
100055512168817
100055513720262
100055609451172
100055620611496
100055641040630
100055696748316
100055708717287
100055719548479
100055781584353
100055878932049
100055881541630
100055895131308
